9
-11   -10.5   -10   -9.5   -9   -8.5   -8   -7.5   -7
1   1   1   1   0.999001   0.972763   0.638162   0.152648   0.0087

9
-9   -8.5   -8   -7.5   -7   -6.5   -6   -5.5   -5 
1   1   1   1   1   0.966184   0.437445   0.0322   0.0004 

9
-7   -6.5   -6   -5.5   -5   -4.5   -4   -3.5   -3
1   1   1   1   1   0.998004   0.772201   0.0658   0.0003

9
-5   -4.5   -4   -3.5   -3   -2.5   -2   -1.5   -1
1   1   1   1   1   1   0.823723   0.0343   0

10
-1   -0.8   -0.6   -0.4   -0.2   0   0.2   0.4   0.6   0.8 
1   1   1   1   1   0.948767   0.63857   0.168011   0.0124   0.0006

9
1   1.2   1.4   1.6   1.8   2   2.2   2.4   2.6
1   1   1   1   0.998004   0.862069   0.355619   0.0339   0.0006

9
3   3.2   3.4   3.6   3.8   4   4.2   4.4   4.6
1   1   1   1   0.998004   0.877963   0.294031   0.0158   0.0002

7
5   5.2   5.4   5.6   5.8   6   6.2
1   1   1   0.999001   0.857633   0.232072   0.0057

8
7   7.2   7.4   7.6   7.8   8   8.2   8.4
1   1   1   1   0.948767   0.48852   0.0678   0.0033

8
9   9.2   9.4   9.6   9.8   10   10.2   10.4
1   1   1   1   0.942507   0.343761   0.0195   0.0002

7
11   11.2   11.4   11.6   11.8   12   12.2
1   1   1   0.990099   0.58651   0.0808   0.002

11
13   13.1   13.2   13.3   13.4   13.5   13.6   13.7   13.8   13.9   14
1   1   1   1   0.995025   0.952381   0.749064   0.417188   0.162338   0.0407   0.0074

7
15   15.2   15.4   15.6   15.8   16   16.2
1   1   0.983284   0.68918   0.191755   0.0227   0.0022

11
17   17.1   17.2   17.3   17.4   17.5   17.6   17.7   17.8   17.9   18
1   0.999001   0.997009   0.97371   0.851789   0.601685   0.356506   0.162893   0.0625   0.0213   0.0055

13
19   19.2   19.4   19.6   19.8   20   20.2   20.4   20.6   20.8   21   21.2   21.4
1   0.999001   0.987167   0.867303   0.560852   0.284981   0.150421   0.0823   0.0465   0.0316   0.0182   0.0103   0.0082