10
-11   -10.5   -10   -9.5   -9   -8.5   -8   -7.5   -7   -6.5
1   1   1   0.998004   0.980392   0.862069   0.571755   0.2292   0.0536   0.0051

10
-9   -8.5   -8   -7.5   -7   -6.5   -6   -5.5   -5   -4.5
1   1   1   0.999001   0.992063   0.888889   0.543183   0.152602   0.0167   0.001

9
-7   -6.5   -6   -5.5   -5   -4.5   -4   -3.5   -3 
1   1   1   1   1   0.959693   0.6035   0.130565   0.0059

9
-5   -4.5   -4   -3.5   -3   -2.5   -2   -1.5   -1
1   1   1   1   1   0.992063   0.719424   0.129116   0.0033

10
-1   -0.8   -0.6   -0.4   -0.2   0   0.2   0.4   0.6   0.8
1   1   1   0.981354   0.919963   0.710227   0.390472   0.130225   0.0265   0.003 

10
1   1.2   1.4   1.6   1.8   2   2.2   2.4   2.6   2.8
1   1   1   0.999001   0.962464   0.777001   0.424448   0.130463   0.0225   0.0025

9
3   3.2   3.4   3.6   3.8   4   4.2   4.4   4.6
1   1   1   0.998004   0.952381   0.694927   0.275103   0.0474   0.0049

8
5   5.2   5.4   5.6   5.8   6   6.2   6.4
1   1   1   0.967118   0.699301   0.242424   0.0354   0.0028

8
7   7.2   7.4   7.6   7.8   8   8.2   8.4
1   1   1   0.994036   0.873362   0.467508   0.104504   0.0098

8
9   9.2   9.4   9.6   9.8   10   10.2   10.4
1   1   1   0.998004   0.879507   0.385208   0.0512   0.0016

7
11   11.2   11.4   11.6   11.8   12   12.2 
1   1   1   0.924214   0.510204   0.0991   0.0038

7
13   13.2   13.4   13.6   13.8   14   14.2
1   1   0.979432   0.69735   0.21106   0.0216   0.0007

10
15   15.1   15.2   15.3   15.4   15.5   15.6   15.7   15.8   15.9
0.999001   0.99108   0.951475   0.815661   0.59988   0.342583   0.155958   0.0545   0.017   0.0029 

9
17   17.1   17.2   17.3   17.4   17.5   17.6   17.7   17.8 
0.99108   0.94162   0.81367   0.57971   0.354233   0.149544   0.0605   0.022   0.0072

7
19   19.2   19.4   19.6   19.8   20   20.2
0.999001   0.952381   0.716332   0.365631   0.115221   0.0231   0.004