19
-11   -10.5   -10   -9.5   -9   -8.5   -8   -7.5   -7   -6.5   -6   -5.5   -5   -4.5   -4   -3.5   -3   -2.5   -2
1   1   0.999001   0.998004   0.997009   0.998004   0.999001   0.986193   0.970874   0.932836   0.870322   0.779423   0.616523   0.449035   0.268745   0.151883   0.0706   0.0251   0.0083

19
-11   -10.5   -10   -9.5   -9   -8.5   -8   -7.5   -7   -6.5   -6   -5.5   -5   -4.5   -4   -3.5   -3   -2.5   -2 
1   1   0.999001   0.998004   0.997009   0.998004   0.999001   0.986193   0.970874   0.932836   0.870322   0.779423   0.616523   0.449035   0.268745   0.151883   0.0706   0.0251   0.0083

16
-9   -8.5   -8   -7.5   -7   -6.5   -6   -5.5   -5   -4.5   -4   -3.5   -3   -2.5   -2   -1.5
1   1   1   0.998004   0.980392   0.966184   0.90009   0.819001   0.671592   0.481928   0.314762   0.179372   0.0747   0.0306   0.0102   0.0019

13
-7   -6.5   -6   -5.5   -5   -4.5   -4   -3.5   -3   -2.5   -2   -1.5   -1
1   0.997009   0.990099   0.971817   0.911577   0.780031   0.619195   0.439174   0.251889   0.118483   0.048   0.0159   0.004

11
-5   -4.5   -4   -3.5   -3   -2.5   -2   -1.5   -1   -0.5   0
1   0.999001   0.99108   0.974659   0.906618   0.743494   0.54407   0.315956   0.13077   0.0427   0.0096

18
-2   -1.75   -1.5   -1.25   -1   -0.75   -0.5   -0.25   0   0.25   0.5   0.75   1   1.25   1.5   1.75   2   2.25
0.999001   1   1   0.994036   0.988142   0.971817   0.921659   0.867303   0.750188   0.645995   0.508647   0.352983   0.22482   0.13795   0.073   0.0345   0.013   0.0066

16
0   0.25   0.5   0.75   1   1.25   1.5   1.75   2   2.25   2.5   2.75   3   3.25   3.5   3.75
1   0.997009   0.998004   0.996016   0.965251   0.937207   0.866551   0.738007   0.614628   0.460193   0.294464   0.177462   0.0981   0.0503   0.0198   0.0087

12
3   3.25   3.5   3.75   4   4.25   4.5   4.75   5   5.25   5.5   5.75
0.98912   0.963391   0.909091   0.818331   0.65703   0.477327   0.296648   0.173641   0.0861   0.0377   0.0142   0.0068

14
4   4.25   4.5   4.75   5   5.25   5.5   5.75   6   6.25   6.5   6.75   7   7.25
1   1   0.997009   0.99108   0.979432   0.896861   0.800641   0.606061   0.428082   0.259605   0.134409   0.0638   0.0255   0.0092

14
6   6.25   6.5   6.75   7   7.25   7.5   7.75   8   8.25   8.5   8.75   9   9.25
1   0.997009   0.995025   0.986193   0.95057   0.865052   0.708717   0.528541   0.322685   0.177054   0.0815   0.0362   0.0162   0.0044

13
8   8.25   8.5   8.75   9   9.25   9.5   9.75   10   10.25   10.5   10.75   11
1   1   1   0.997009   0.984252   0.896861   0.762195   0.542888   0.307314   0.160927   0.0644   0.0213   0.0077

13
10   10.25   10.5   10.75   11   11.25   11.5   11.75   12   12.25   12.5   12.75   13
1   1   0.997009   0.993049   0.942507   0.848896   0.619963   0.4   0.204625   0.0957   0.0384   0.0128   0.0036 

13
12   12.25   12.5   12.75   13   13.25   13.5   13.75   14   14.25   14.5   14.75   15 
1   0.998004   0.996016   0.978474   0.910747   0.803213   0.561798   0.34638   0.195925   0.0836   0.0323   0.0114   0.0039

12
14   14.25   14.5   14.75   15   15.25   15.5   15.75   16   16.25   16.5   16.75
0.999001   0.998004   0.987167   0.94697   0.809061   0.635324   0.40568   0.228206   0.100746   0.044   0.0159   0.0048 

13
16   16.25   16.5   16.75   17   17.25   17.5   17.75   18   18.25   18.5   18.75   19
1   1   0.998004   0.972763   0.910747   0.746826   0.552792   0.328731   0.164582   0.0763   0.0308   0.011   0.0047

14
18   18.25   18.5   18.75   19   19.25   19.5   19.75   20   20.25   20.5   20.75   21   21.25
1   0.998004   0.969932   0.917431   0.795545   0.623441   0.415282   0.261233   0.145201   0.0838   0.0365   0.021   0.0125   0.0068    )