675
-1097
-429
1122
1151
-1557
376
833
-129
1112
11
976
-1563
520
-1385
-749
1556
-368
65
-97
-323
-1200
-1378
1352
-350
563
-954
-58
1729
-1438
1415
-117
1468
-1467
125
-1544
-649
316
-1311
-1223
113
923
792
198
406
-1355
-1307
-1100
116
1586
1161
-1645
-132
-1020
1722
152
1484
-594
-1678
-1730
-1085
-650
-455
273
204
-1155
-626
316
223
-1492
938
1667
-1636
-855
557
-1245
618
-1310
-675
-319
863
641
-596
1552
1208
401
-423
1175
-1477
1400
970
442
-573
-578
-815
959
-884
773
-1516
-36
712
-295
-1006
-240
-1558
-1111
1626
-529
1696
1254
1374
-1518
70
-1148
1680
-546
1281
1464
-436
1155
-1640
-551
519
-296
258
-1047
1630
-1523
-812
5
-607
-774
354
-365
9
-266
-831
172
-1152
154
58
-1398
201
-1025
-591
-604
200
413
1574
0
-942
990
1444
-1192
-1528
-262
-880
-1136
328
-1140
908
838
589
-596
1277
107
-176
167
-846
-647
-1210
1276
-1546
-1562
636
-1120
-1256
-832
-831
-1035
1392
201
603
-1474
-516
-794
1125
-1634
1653
1098
823
34
-228
-584
1326
-28
1273
-1104
-274
329
-1059
1681
549
-115
1669
-903
-895
1670
-686
489
381
1110
479
357
-1104
-483
1579
1298
-1217
382
360
-176
812
624
-141
490
-994
-1432
-1147
-141
-197
1502
449
788
1084
1589
319
-620
-928
-1033
832
151
-253
-688
-421
-502
-584
-543
-712
-67
117
-335
-1141
-687
1286
-329
1570
381
596
834
-1413
948
-1616
-988
608
505
275
-787
908
-50
-105
972
1203
-943
123
683
-1716
-168
-1045
-1716
1554
-874
-321
-1346
-1700
-473
725
-1499
314
832
817
185
-1167
-454
1396
589
-408
-303
922
-525
675
-1097
-429
1122
1151
-1557
376
833
-129
1112
11
976
-1563
520
-1385
-749
1556
-368
65
-97
-323
-1200
-1378
1352
-350
563
-954
-58
1729
-1438
1415
-117
1468
-1467
125
-1544
-649
316
-1311
-1223
113
923
792
198
406
-1355
-1307
-1100
116
1586
1161
-1645
-132
-1020
1722
152
1484
-594
-1678
-1730
-1085
-650
-455
273
204
-1155
-626
316
223
-1492
938
1667
-1636
-855
557
-1245
618
-1310
-675
-319
863
641
-596
1552
1208
401
-423
1175
-1477
1400
970
442
-573
-578
-815
959
-884
773
-1516
-36
712
-295
-1006
-240
-1558
-1111
1626
-529
1696
1254
1374
-1518
70
-1148
1680
-546
1281
1464
-436
1155
-1640
-551
519
-296
258
-1047
1630
-1523
-812
5
-607
-774
354
-365
9
-266
-831
172
-1152
154
58
-1398
201
-1025
-591
-604
200
413
1574
0
-942
990
1444
-1192
-1528
-262
-880
-1136
328
-1140
908
838
589
-596
1277
107
-176
167
-846
-647
-1210
1276
-1546
-1562
636
-1120
-1256
-832
-831
-1035
1392
201
603
-1474
-516
-794
1125
-1634
1653
1098
823
34
-228
-584
1326
-28
1273
-1104
-274
329
-1059
1681
549
-115
1669
-903
-895
1670
-686
489
381
1110
479
357
-1104
-483
1579
1298
-1217
382
360
-176
812
624
-141
490
-994
-1432
-1147
-141
-197
1502
449
788
1084
1589
319
-620
-928
-1033
832
151
-253
-688
-421
-502
-584
-543
-712
-67
117
-335
-1141
-687
1286
-329
1570
381
596
834
-1413
948
-1616
-988
608
505
275
-787
908
-50
-105
972
1203
-943
123
683
-1716
-168
-1045
-1716
1554
-874
-321
-1346
-1700
-473
725
-1499
314
832
817
185
-1167
-454
1396
589
-408
-303
922
-525
