0.981818
0.965517
0.984127
0.977778
0.888889
0.972973
0.885246
0.957447
0.982759
1
0.966667
0.954545
0.918919
0.964912
0.925926
0.983871
0.918919
0.938462
0.934426
0.932203
0.983607
1
0.981481
0.931818
0.984127
0.944444
0.983051
0.983333
0.958333
0.941176
0.958333
0.983871
1
0.978261
1
0.972973
0.966102
0.919355
0.947368
0.945455
0.934426
0.930233
0.958333
0.932203
0.983333
1
0.965517
0.931034
0.967213
0.972222
0.975
0.9375
0.982759
0.927273
0.958333
0.949153
1
0.919355
0.933333
0.925926
1
0.915254
0.933333
0.983051
0.966667
0.945455
0.935484
0.967742
0.947368
0.97619
1
0.965517
0.96875
0.925373
0.962963
0.983607
0.910714
0.894737
0.915254
0.903226
0.9375
0.907407
0.935484
1
1
0.949153
0.888889
0.97561
0.976744
0.957447
1
0.946429
0.968254
0.96875
0.952381
0.953488
0.939394
0.977778
1
0.933333
0.959184
0.920635
0.964912
0.929825
0.972973
0.929825
0.866667
0.951613
1
0.952381
0.956522
0.926829
0.966667
0.982456
1
0.904762
0.952381
1
0.935484
1
1
0.919355
0.965517
0.936508
0.966102
0.982143
1
1
0.936508
0.948276
1
0.95
0.932203
0.936508
0.966102
0.965517
0.925373
0.887097
0.925926
0.966102
0.948276
0.946429
1
0.981818
0.968254
0.935484
0.95
0.933333
1
0.966102
0.966667
0.977778
0.977273
0.982143
0.975
0.964286
0.969231
0.982143
0.903226
0.946429
1
0.9375
0.927273
0.919355
1
0.934426
0.964286
0.933333
0.940299
0.916667
0.912281
0.976744
1
1
0.87037
0.965517
0.966667
0.970149
0.925373
0.981818
0.914894
0.967213
0.944444
1
0.983871
0.936508
0.956522
0.9375
1
0.978723
0.978723
0.964912
0.964286
0.953125
0.975
0.949153
0.953488
0.948276
0.966102
0.983607
0.982456
0.964286
0.981481
0.951613
1
0.969697
0.924242
0.965517
0.965517
0.981132
0.95
0.956522
0.962963
0.95
0.982759
0.966667
0.972222
0.974359
0.910714
0.95
0.933333
0.982143
1
0.964286
0.949153
0.962264
0.898305
0.980392
1
0.949153
0.928571
0.974359
0.962963
0.956522
0.893617
0.972222
0.968254
0.95082
0.983333
0.945455
0.957447
0.933333
0.928571
0.913793
0.904762
0.932203
0.953125
0.968254
0.916667
0.949153
0.95082
0.953125
1
0.949153
1
1
0.972973
0.933333
0.962264
0.957447
0.946429
0.97561
0.942857
0.964912
0.963636
0.927273
0.915254
0.952381
0.93617
0.95
0.967213
1
0.926829
0.95
0.967213
0.962264
0.892857
0.912281
0.964286
0.892857
0.918919
0.953846
1
0.947368
0.965517
1
0.958333
0.904762
0.935484
0.978723
0.93617
0.95082
0.981818
0.966102
0.957447
1
0.921875
0.984375
0.954545
0.95082
